2024-08-19 22:32:46.244105;[2799.994, 2799.994, 2799.994, 2799.994, 2799.994, 3299.714, 3298.793, 2799.994, 2799.994, 2799.994, 2799.994, 2799.994, 2799.994, 2799.994, 2799.994, 2799.994, 2799.994, 3299.992, 2799.994, 2799.994, 2799.994, 3299.636, 2799.994, 2799.994, 2799.994, 2799.994, 2799.994, 2799.994, 2799.994, 2799.994, 2799.994, 2799.994, 2799.994, 2799.994, 2799.994, 2799.994, 2799.994, 2799.994, 2799.994, 2799.994, 2799.994, 2799.994, 2799.994, 2799.994, 2799.994, 2799.994, 2799.994, 2799.994]
2024-08-19 22:32:48.247260;[3299.937, 2799.994, 2799.994, 2799.994, 2799.994, 2799.994, 3216.014, 2799.994, 2799.994, 2799.994, 2799.994, 2799.994, 2799.994, 2799.994, 2799.994, 2799.994, 2799.994, 2799.994, 2799.994, 2799.994, 2799.994, 2799.994, 2799.994, 2799.994, 3306.834, 3300.0, 2799.994, 2799.994, 2799.994, 2799.994, 2799.994, 2799.994, 2799.994, 2799.994, 2799.994, 2799.994, 2799.994, 2799.994, 2799.994, 2799.994, 2799.994, 2799.994, 2799.994, 2799.994, 2799.994, 2799.994, 2799.994, 2799.994]
2024-08-19 22:32:50.250226;[3300.042, 3297.236, 2799.994, 2799.994, 2799.994, 2799.994, 3298.837, 2799.994, 2799.994, 2799.994, 2799.994, 2799.994, 2799.994, 2799.994, 2799.994, 2799.994, 2799.994, 2799.994, 2799.994, 2799.994, 2799.994, 2799.994, 2799.994, 2799.994, 2799.994, 3299.983, 2799.994, 2799.994, 2799.994, 2799.994, 2799.994, 2799.994, 2799.994, 2799.994, 2799.994, 2799.994, 2799.994, 2799.994, 2799.994, 2799.994, 2799.994, 2799.994, 2799.994, 2799.994, 2799.994, 2799.994, 2799.994, 2799.994]
2024-08-19 22:32:52.253156;[3299.818, 2799.994, 2799.994, 2799.994, 2799.994, 2799.994, 1903.495, 2799.994, 2799.994, 2306.864, 2799.994, 2799.994, 2799.994, 2799.994, 2799.994, 2799.994, 2799.994, 2799.994, 2799.994, 2799.994, 2799.994, 2799.994, 2799.994, 2799.994, 2799.994, 3300.043, 2799.994, 2799.994, 2799.994, 2799.994, 2799.994, 2799.994, 2799.994, 2799.994, 2799.994, 2799.994, 2799.994, 2799.994, 2799.994, 2799.994, 2799.994, 2799.994, 2799.994, 2799.994, 2799.994, 2799.994, 2799.994, 2799.994]
2024-08-19 22:32:54.256403;[3299.981, 2799.994, 2799.994, 2799.994, 2799.994, 2799.994, 3300.082, 2799.994, 2799.994, 2799.994, 2799.994, 2799.994, 2799.994, 2799.994, 2799.994, 2799.994, 2799.994, 2799.994, 2799.994, 2799.994, 2799.994, 2799.994, 2799.994, 2799.994, 2799.994, 3283.527, 2799.994, 2799.994, 3216.239, 2799.994, 2799.994, 2799.994, 2799.994, 2799.994, 2799.994, 2799.994, 2799.994, 2799.994, 2799.994, 2799.994, 2799.994, 2799.994, 2799.994, 2799.994, 2799.994, 2799.994, 2799.994, 2799.994]
2024-08-19 22:32:56.259623;[3300.038, 2799.994, 2799.994, 2799.994, 2799.994, 2799.994, 3283.448, 2799.994, 2799.994, 2799.994, 2799.994, 2799.994, 2799.994, 2799.994, 2799.994, 2799.994, 2799.994, 2799.994, 2799.994, 2799.994, 2799.994, 2799.994, 2799.994, 2799.994, 2799.994, 3299.878, 2799.994, 2799.994, 2799.994, 2799.994, 2799.994, 2799.994, 2799.994, 2799.994, 2799.994, 2799.994, 2799.994, 2799.994, 2799.994, 2799.994, 2799.994, 2799.994, 2799.994, 2799.994, 2799.994, 2799.994, 2799.994, 2799.994]
2024-08-19 22:32:58.262568;[3300.061, 3292.275, 2799.994, 2799.994, 2799.994, 2799.994, 3300.184, 2799.994, 2799.994, 2799.994, 2799.994, 2799.994, 2799.994, 2799.994, 2799.994, 2799.994, 2799.994, 2799.994, 2799.994, 2799.994, 2799.994, 2799.994, 2799.994, 2799.994, 2799.994, 3299.995, 2799.994, 2799.994, 2799.994, 2799.994, 2799.994, 2799.994, 2799.994, 2799.994, 2799.994, 2799.994, 2799.994, 2799.994, 2799.994, 2799.994, 2799.994, 2799.994, 2799.994, 2799.994, 2799.994, 2799.994, 2799.994, 2799.994]
2024-08-19 22:33:00.265509;[3298.994, 2799.994, 2799.994, 2799.994, 2799.994, 2799.994, 3300.094, 2799.994, 2799.994, 2799.994, 2799.994, 2799.994, 2799.994, 2799.994, 2799.994, 2799.994, 2799.994, 2799.994, 2799.994, 2799.994, 2799.994, 2799.994, 2799.994, 2799.994, 2799.994, 3299.687, 2799.994, 2799.994, 2799.994, 2799.994, 2799.994, 2799.994, 2799.994, 2799.994, 2799.994, 2799.994, 2799.994, 2799.994, 2799.994, 2799.994, 2799.994, 2799.994, 2799.994, 2799.994, 2799.994, 2799.994, 2799.994, 2799.994]
2024-08-19 22:33:02.268409;[3299.008, 2799.994, 2799.994, 2799.994, 2799.994, 2799.994, 3195.657, 2799.994, 2799.994, 2799.994, 2799.994, 2799.994, 2799.994, 2799.994, 2799.994, 2799.994, 2799.994, 2799.994, 2799.994, 2799.994, 2799.994, 2799.994, 2799.994, 2799.994, 2799.994, 3299.89, 2799.994, 2799.994, 2799.994, 2799.994, 2799.994, 2799.994, 2799.994, 2799.994, 2799.994, 2799.994, 2799.994, 2799.994, 2799.994, 2799.994, 2799.994, 2799.994, 2799.994, 2799.994, 2799.994, 2799.994, 2799.994, 2799.994]
2024-08-19 22:33:04.271360;[3300.028, 2799.994, 2799.994, 2799.994, 2799.994, 2799.994, 3298.545, 2799.994, 2799.994, 2799.994, 2799.994, 2799.994, 2799.994, 2799.994, 2799.994, 2799.994, 2799.994, 2799.994, 2799.994, 2799.994, 2799.994, 2799.994, 2799.994, 2799.994, 2799.994, 3299.891, 2799.994, 2799.994, 2799.994, 2799.994, 2799.994, 2799.994, 2799.994, 2799.994, 2799.994, 2799.994, 2799.994, 2799.994, 2799.994, 2799.994, 2799.994, 2799.994, 2799.994, 2799.994, 2799.994, 2799.994, 2799.994, 2799.994]
2024-08-19 22:33:06.274249;[3299.925, 2799.994, 2799.994, 2799.994, 2799.994, 2799.994, 2642.077, 2799.994, 2799.994, 2799.994, 2799.994, 2799.994, 2799.994, 2799.994, 2799.994, 2799.994, 2799.994, 2799.994, 2799.994, 2799.994, 2799.994, 2799.994, 2799.994, 2799.994, 2799.994, 3300.06, 2799.994, 2799.994, 2799.994, 2799.994, 2799.994, 2799.994, 2799.994, 2799.994, 2799.994, 2799.994, 2799.994, 2799.994, 2799.994, 2799.994, 2799.994, 2799.994, 2799.994, 2799.994, 2799.994, 2799.994, 2799.994, 2799.994]
2024-08-19 22:33:08.277612;[3299.968, 2799.994, 2799.994, 2799.994, 2799.994, 2799.994, 3300.1, 2799.994, 2799.994, 2799.994, 2799.994, 2799.994, 2799.994, 2799.994, 2799.994, 2799.994, 2799.994, 2799.994, 2799.994, 2799.994, 2799.994, 2799.994, 2799.994, 2799.994, 2799.994, 3299.696, 2799.994, 2799.994, 2799.994, 2799.994, 2799.994, 2799.994, 2799.994, 2799.994, 2799.994, 2799.994, 2799.994, 2799.994, 2799.994, 2799.994, 2799.994, 2799.994, 2799.994, 2799.994, 2799.994, 2799.994, 2799.994, 2799.994]
2024-08-19 22:33:10.280522;[3299.03, 2799.994, 2799.994, 2799.994, 2799.994, 2799.994, 3299.88, 2799.994, 2799.994, 2799.994, 2799.994, 2799.994, 2799.994, 2799.994, 2799.994, 2799.994, 2799.994, 2799.994, 2799.994, 2799.994, 2799.994, 2799.994, 2799.994, 2799.994, 2799.994, 3300.332, 2799.994, 2799.994, 2313.423, 2799.994, 2799.994, 2799.994, 2799.994, 2799.994, 2799.994, 2799.994, 2799.994, 2799.994, 2799.994, 2799.994, 2799.994, 2799.994, 2799.994, 2799.994, 2799.994, 2799.994, 2799.994, 2799.994]
2024-08-19 22:33:12.283419;[3300.01, 2799.994, 2799.994, 2799.994, 2799.994, 2799.994, 3269.959, 2799.994, 2799.994, 2799.994, 2799.994, 2799.994, 2799.994, 2799.994, 2799.994, 2799.994, 2799.994, 2799.994, 2799.994, 2799.994, 2799.994, 2799.994, 2799.994, 2799.994, 2799.994, 3299.592, 2799.994, 2799.994, 2799.994, 2799.994, 2799.994, 2799.994, 2799.994, 2799.994, 2799.994, 2799.994, 2799.994, 2799.994, 2799.994, 2799.994, 2799.994, 2799.994, 2799.994, 2799.994, 2799.994, 2799.994, 2799.994, 2799.994]
2024-08-19 22:33:14.286322;[3282.468, 2799.994, 2799.994, 2799.994, 2799.994, 2799.994, 3196.276, 2799.994, 2799.994, 2799.994, 2799.994, 2799.994, 2799.994, 2799.994, 2799.994, 2799.994, 2799.994, 2799.994, 2799.994, 2799.994, 2799.994, 2799.994, 2799.994, 2799.994, 2799.994, 3300.187, 2799.994, 2799.994, 2799.994, 2799.994, 2799.994, 2799.994, 2799.994, 2799.994, 2799.994, 2799.994, 2799.994, 2799.994, 2799.994, 2799.994, 2799.994, 2799.994, 2799.994, 2799.994, 2799.994, 2799.994, 2799.994, 2799.994]
2024-08-19 22:33:16.289290;[3300.038, 2799.994, 2799.994, 2799.994, 2799.994, 2799.994, 3299.071, 2799.994, 2799.994, 2799.994, 2799.994, 2799.994, 2799.994, 2799.994, 2799.994, 2799.994, 2799.994, 2799.994, 2799.994, 2799.994, 2799.994, 2799.994, 2799.994, 2799.994, 2799.994, 3299.842, 2799.994, 2799.994, 2799.994, 2799.994, 2799.994, 2799.994, 2799.994, 2799.994, 2799.994, 2799.994, 2799.994, 2799.994, 2799.994, 2799.994, 2799.994, 2799.994, 2799.994, 2799.994, 2799.994, 2799.994, 2799.994, 2799.994]
2024-08-19 22:33:18.292198;[3300.013, 2799.994, 2799.994, 2799.994, 2799.994, 2799.994, 3193.415, 2799.994, 2799.994, 2799.994, 2799.994, 2799.994, 2799.994, 2799.994, 2799.994, 2799.994, 2799.994, 2799.994, 2799.994, 2799.994, 2799.994, 2799.994, 2799.994, 2799.994, 2799.994, 3299.903, 2799.994, 2799.994, 2799.994, 2799.994, 2799.994, 2799.994, 2799.994, 2799.994, 2799.994, 2799.994, 2799.994, 2799.994, 2799.994, 2799.994, 2799.994, 2799.994, 2799.994, 2799.994, 2799.994, 2799.994, 2799.994, 2799.994]
2024-08-19 22:33:20.295133;[3300.033, 2799.994, 2799.994, 2799.994, 2799.994, 2799.994, 2362.0, 2799.994, 2799.994, 2799.994, 2799.994, 2799.994, 2799.994, 2799.994, 2799.994, 2799.994, 2799.994, 2799.994, 2799.994, 2799.994, 2799.994, 2799.994, 2799.994, 2799.994, 2799.994, 3299.951, 2799.994, 2799.994, 2799.994, 2799.994, 2799.994, 2799.994, 2799.994, 2799.994, 2799.994, 2799.994, 2799.994, 2799.994, 2799.994, 2799.994, 2799.994, 2799.994, 2799.994, 2799.994, 2799.994, 2799.994, 2799.994, 2799.994]
2024-08-19 22:33:22.298329;[3300.038, 2799.994, 2799.994, 2799.994, 2799.994, 2799.994, 3298.672, 2799.994, 2799.994, 2799.994, 2799.994, 2799.994, 2799.994, 2799.994, 2799.994, 2799.994, 2799.994, 2799.994, 2799.994, 2799.994, 2799.994, 2799.994, 2799.994, 2799.994, 2799.994, 3299.927, 2799.994, 2799.994, 2799.994, 2799.994, 2799.994, 2799.994, 2799.994, 2799.994, 2799.994, 2799.994, 2799.994, 2799.994, 2799.994, 2799.994, 2799.994, 2799.994, 2799.994, 2799.994, 2799.994, 2799.994, 2799.994, 2799.994]
2024-08-19 22:33:24.301318;[3283.495, 2799.994, 2799.994, 2799.994, 2799.994, 2799.994, 3092.993, 2799.994, 2799.994, 2799.994, 2799.994, 2799.994, 2799.994, 2799.994, 2799.994, 2799.994, 2799.994, 2799.994, 2799.994, 2799.994, 2799.994, 2799.994, 2799.994, 2799.994, 2799.994, 3283.279, 2799.994, 2799.994, 3037.978, 2799.994, 2799.994, 2799.994, 2799.994, 2799.994, 2799.994, 2799.994, 2799.994, 2799.994, 2799.994, 2799.994, 2799.994, 2799.994, 2799.994, 2799.994, 2799.994, 2799.994, 2799.994, 2799.994]
2024-08-19 22:33:26.304583;[3300.08, 2799.994, 2799.994, 2799.994, 2799.994, 2799.994, 3300.162, 2799.994, 2799.994, 2799.994, 2799.994, 2799.994, 2799.994, 2799.994, 2799.994, 2799.994, 2799.994, 2799.994, 2799.994, 2799.994, 2799.994, 2799.994, 2799.994, 2799.994, 2799.994, 3299.981, 2799.994, 2799.994, 2799.994, 2799.994, 2799.994, 2799.994, 2799.994, 2799.994, 2799.994, 2799.994, 2799.994, 2799.994, 2799.994, 2799.994, 2799.994, 2799.994, 2799.994, 2799.994, 2799.994, 2799.994, 2799.994, 2799.994]
2024-08-19 22:33:28.307507;[3300.02, 2799.994, 2799.994, 2799.994, 2799.994, 2799.994, 3299.975, 2799.994, 2799.994, 2799.994, 2799.994, 2799.994, 2799.994, 2799.994, 2799.994, 2799.994, 2799.994, 2799.994, 2799.994, 2799.994, 2799.994, 2799.994, 2799.994, 2799.994, 2799.994, 3299.91, 2799.994, 2799.994, 2799.994, 2799.994, 2799.994, 2799.994, 2799.994, 2799.994, 2799.994, 2799.994, 2799.994, 2799.994, 2799.994, 2799.994, 2799.994, 2799.994, 2799.994, 2799.994, 2799.994, 2799.994, 2799.994, 2799.994]
2024-08-19 22:33:30.310412;[3300.057, 2799.994, 2799.994, 2799.994, 2799.994, 2799.994, 3298.884, 2799.994, 2799.994, 2799.994, 2799.994, 2799.994, 2799.994, 2799.994, 2799.994, 2799.994, 2799.994, 2799.994, 2799.994, 2799.994, 2799.994, 2799.994, 2799.994, 2799.994, 2799.994, 3299.563, 2799.994, 2799.994, 2799.994, 2799.994, 2799.994, 2799.994, 2799.994, 2799.994, 2799.994, 2799.994, 2799.994, 2799.994, 2799.994, 2799.994, 2799.994, 2799.994, 2799.994, 2799.994, 2799.994, 2799.994, 2799.994, 2799.994]
2024-08-19 22:33:32.313341;[3283.52, 2799.994, 2799.994, 2799.994, 2799.994, 2799.994, 2634.732, 2799.994, 2799.994, 2799.994, 2799.994, 2799.994, 2799.994, 2799.994, 2799.994, 2799.994, 2799.994, 2799.994, 2799.994, 2799.994, 2799.994, 2799.994, 2799.994, 2799.994, 2799.994, 3282.641, 2799.994, 2799.994, 2699.142, 2799.994, 2799.994, 2799.994, 2799.994, 2799.994, 2799.994, 2799.994, 2799.994, 2799.994, 2799.994, 2799.994, 2799.994, 2799.994, 2799.994, 2799.994, 2799.994, 2799.994, 2799.994, 2799.994]
2024-08-19 22:33:34.316739;[3299.997, 2799.994, 2799.994, 2799.994, 2799.994, 2799.994, 3282.605, 2799.994, 2799.994, 2799.994, 2799.994, 2799.994, 2799.994, 2799.994, 2799.994, 2799.994, 2799.994, 2799.994, 2799.994, 2799.994, 2799.994, 2799.994, 2799.994, 2799.994, 2799.994, 3299.999, 2799.994, 2799.994, 2799.994, 2799.994, 2799.994, 2799.994, 2799.994, 2799.994, 2799.994, 2799.994, 2799.994, 2799.994, 2799.994, 2799.994, 2799.994, 2799.994, 2799.994, 2799.994, 2799.994, 2799.994, 2799.994, 2799.994]
2024-08-19 22:33:36.319697;[3299.964, 2799.994, 2799.994, 2799.994, 2799.994, 2799.994, 3299.828, 2799.994, 2799.994, 2799.994, 2799.994, 2799.994, 2799.994, 2799.994, 2799.994, 2799.994, 2799.994, 2799.994, 2799.994, 2799.994, 2799.994, 2799.994, 2799.994, 2799.994, 2799.994, 3299.95, 2799.994, 2799.994, 2799.994, 2799.994, 2799.994, 2799.994, 2799.994, 2799.994, 2799.994, 2799.994, 2799.994, 2799.994, 2799.994, 2799.994, 2799.994, 2799.994, 2799.994, 2799.994, 2799.994, 2799.994, 2799.994, 2799.994]
2024-08-19 22:33:38.322637;[3299.091, 2799.994, 2799.994, 2799.994, 2799.994, 2799.994, 2917.895, 2799.994, 2799.994, 2799.994, 2799.994, 2799.994, 2799.994, 2799.994, 2799.994, 2799.994, 2799.994, 2799.994, 2799.994, 2799.994, 2799.994, 2799.994, 2799.994, 2799.994, 2799.994, 3300.046, 2799.994, 2799.994, 2799.994, 2799.994, 2799.994, 2799.994, 2799.994, 2799.994, 2799.994, 2799.994, 2799.994, 2799.994, 2799.994, 2799.994, 2799.994, 2799.994, 2799.994, 2799.994, 2799.994, 2799.994, 2799.994, 2799.994]
2024-08-19 22:33:40.325827;[3300.071, 2799.994, 2799.994, 2799.994, 2799.994, 2799.994, 2238.526, 2799.994, 2799.994, 2799.994, 2799.994, 2799.994, 2799.994, 2799.994, 2799.994, 2799.994, 2799.994, 2799.994, 2799.994, 2799.994, 2799.994, 2799.994, 2799.994, 2799.994, 2799.994, 3299.942, 2799.994, 2799.994, 2799.994, 2799.994, 2799.994, 2799.994, 2799.994, 2799.994, 2799.994, 2799.994, 2799.994, 2799.994, 2799.994, 2799.994, 2799.994, 2799.994, 2799.994, 2799.994, 2799.994, 2799.994, 2799.994, 2799.994]
2024-08-19 22:33:42.329126;[3299.979, 2799.994, 2799.994, 2799.994, 2799.994, 2799.994, 3230.146, 2799.994, 2799.994, 2799.994, 2799.994, 2799.994, 2799.994, 2799.994, 2799.994, 2799.994, 2799.994, 2799.994, 2799.994, 2799.994, 2799.994, 2799.994, 2799.994, 2799.994, 2799.994, 3300.005, 2799.994, 2799.994, 2799.994, 2799.994, 2799.994, 2799.994, 2799.994, 2799.994, 2799.994, 3298.024, 2799.994, 2799.994, 2799.994, 2799.994, 2799.994, 2799.994, 2799.994, 2799.994, 2799.994, 2799.994, 2799.994, 2799.994]
2024-08-19 22:33:44.333163;[3300.016, 2799.994, 2799.994, 2799.994, 2799.994, 2799.994, 3213.255, 2799.994, 2799.994, 2799.994, 2799.994, 2799.994, 2799.994, 2799.994, 2799.994, 2799.994, 2799.994, 2799.994, 2799.994, 2799.994, 2799.994, 2799.994, 2799.994, 2799.994, 2799.994, 3300.107, 2799.994, 2799.994, 2799.994, 2799.994, 2799.994, 2799.994, 2799.994, 2799.994, 2799.994, 2799.994, 2799.994, 2799.994, 2799.994, 2799.994, 2799.994, 2799.994, 2799.994, 2799.994, 2799.994, 2799.994, 2799.994, 2799.994]
2024-08-19 22:33:46.336097;[3300.144, 2799.994, 2799.994, 2799.994, 2799.994, 2799.994, 3280.637, 2799.994, 2799.994, 2799.994, 2799.994, 2799.994, 2799.994, 2799.994, 2799.994, 2799.994, 2799.994, 2799.994, 2799.994, 2799.994, 2799.994, 2799.994, 2799.994, 2799.994, 2799.994, 3300.0, 2799.994, 2799.994, 2799.994, 2799.994, 2799.994, 2799.994, 2799.994, 2799.994, 2799.994, 2799.994, 2799.994, 2799.994, 2799.994, 2799.994, 2799.994, 2799.994, 2799.994, 2799.994, 2799.994, 2799.994, 2799.994, 2799.994]
2024-08-19 22:33:48.339048;[3300.104, 2799.994, 2799.994, 2799.994, 2799.994, 2799.994, 3299.127, 2799.994, 2799.994, 2799.994, 2799.994, 2799.994, 2799.994, 2799.994, 2799.994, 2799.994, 2799.994, 2799.994, 2799.994, 2799.994, 2799.994, 2799.994, 2799.994, 2799.994, 2799.994, 3283.415, 2799.994, 2799.994, 3297.075, 2799.994, 2799.994, 2799.994, 2799.994, 2799.994, 2799.994, 2799.994, 2799.994, 2799.994, 2799.994, 2799.994, 2799.994, 2799.994, 2799.994, 2799.994, 2799.994, 2799.994, 2799.994, 2799.994]
2024-08-19 22:33:50.341954;[2799.994, 2799.994, 2799.994, 2799.994, 2799.994, 2799.994, 3282.648, 2799.994, 2799.994, 2799.994, 2799.994, 2799.994, 2799.994, 2799.994, 2799.994, 2799.994, 2799.994, 2799.994, 2799.994, 2799.994, 2799.994, 2799.994, 2799.994, 2799.994, 3300.017, 3300.0, 2799.994, 2799.994, 2799.994, 2799.994, 2799.994, 2799.994, 2799.994, 2799.994, 2799.994, 2799.994, 2799.994, 2799.994, 2799.994, 2799.994, 2799.994, 2799.994, 2799.994, 2799.994, 2799.994, 2799.994, 2799.994, 2799.994]
2024-08-19 22:33:52.344846;[2799.994, 3299.981, 2799.994, 2799.994, 2799.994, 2799.994, 3283.309, 2799.994, 2799.994, 2799.994, 2799.994, 2799.994, 2799.994, 2799.994, 2799.994, 2799.994, 2799.994, 2799.994, 2799.994, 2799.994, 2799.994, 2799.994, 2799.994, 2799.994, 3300.014, 2799.994, 2799.994, 2799.994, 2799.994, 2799.994, 2799.994, 2799.994, 2799.994, 2799.994, 2799.994, 2799.994, 2799.994, 2799.994, 2799.994, 2799.994, 2799.994, 2799.994, 2799.994, 2799.994, 2799.994, 2799.994, 2799.994, 2799.994]
2024-08-19 22:33:54.347776;[2799.994, 3300.126, 2799.994, 2799.994, 2799.994, 2799.994, 3299.836, 2799.994, 2799.994, 2799.994, 2799.994, 2799.994, 2799.994, 2799.994, 2799.994, 2799.994, 2799.994, 2799.994, 2799.994, 2799.994, 2799.994, 2799.994, 2799.994, 2799.994, 3298.789, 2799.994, 2799.994, 2799.994, 2799.994, 2799.994, 2799.994, 2799.994, 2799.994, 2799.994, 2799.994, 2799.994, 2799.994, 2799.994, 2799.994, 2799.994, 2799.994, 2799.994, 2799.994, 2799.994, 2799.994, 2799.994, 2799.994, 2799.994]
2024-08-19 22:33:56.350767;[2799.994, 2799.994, 2799.994, 2799.994, 2799.994, 2799.994, 3299.758, 2799.994, 2799.994, 2799.994, 2799.994, 2799.994, 2799.994, 2799.994, 2799.994, 2799.994, 2799.994, 2799.994, 2799.994, 2799.994, 2799.994, 2799.994, 2799.994, 2799.994, 3299.857, 3300.038, 2799.994, 2799.994, 2799.994, 2799.994, 2799.994, 2799.994, 2799.994, 2799.994, 2799.994, 2799.994, 2799.994, 2799.994, 2799.994, 2799.994, 2799.994, 2799.994, 2799.994, 2799.994, 2799.994, 2799.994, 2799.994, 2799.994]
2024-08-19 22:33:58.353688;[2799.994, 2799.994, 2799.994, 2799.994, 2799.994, 2799.994, 3283.669, 2799.994, 2799.994, 2799.994, 2799.994, 2799.994, 2799.994, 2799.994, 2799.994, 2799.994, 2799.994, 2799.994, 2799.994, 2799.994, 2799.994, 2799.994, 2799.994, 2799.994, 3300.007, 3299.91, 2799.994, 2799.994, 2799.994, 2799.994, 2799.994, 2799.994, 2799.994, 2799.994, 2799.994, 2799.994, 2799.994, 2799.994, 2799.994, 2799.994, 2799.994, 2799.994, 2799.994, 2799.994, 2799.994, 2799.994, 2799.994, 2799.994]
2024-08-19 22:34:00.356622;[2799.994, 3299.985, 2799.994, 2799.994, 2799.994, 2799.994, 3299.957, 2799.994, 2799.994, 2799.994, 2799.994, 2799.994, 2799.994, 2799.994, 2799.994, 2799.994, 2799.994, 2799.994, 2799.994, 2799.994, 2799.994, 2799.994, 2799.994, 2799.994, 3299.642, 2799.994, 2799.994, 2799.994, 2799.994, 2799.994, 2799.994, 2799.994, 2799.994, 2799.994, 2799.994, 2799.994, 2799.994, 2799.994, 2799.994, 2799.994, 2799.994, 2799.994, 2799.994, 2799.994, 2799.994, 2799.994, 2799.994, 2799.994]
2024-08-19 22:34:02.359550;[2799.994, 3299.974, 2799.994, 2799.994, 2799.994, 2799.994, 3300.092, 2799.994, 2799.994, 2799.994, 2799.994, 2799.994, 2799.994, 2799.994, 2799.994, 2799.994, 2799.994, 2799.994, 2799.994, 2799.994, 2799.994, 2799.994, 2799.994, 2799.994, 3300.097, 2799.994, 2799.994, 2799.994, 2799.994, 2799.994, 2799.994, 2799.994, 2799.994, 2799.994, 2799.994, 2799.994, 2799.994, 2799.994, 2799.994, 2799.994, 2799.994, 2799.994, 2799.994, 2799.994, 2799.994, 2799.994, 2799.994, 2799.994]
2024-08-19 22:34:04.362475;[2799.994, 2799.994, 2799.994, 2799.994, 2799.994, 2799.994, 3300.451, 2799.994, 2799.994, 2799.994, 2799.994, 2799.994, 2799.994, 2799.994, 2799.994, 2799.994, 2799.994, 2799.994, 2799.994, 2799.994, 2799.994, 2799.994, 2799.994, 2799.994, 3299.955, 3300.042, 2799.994, 2799.994, 2799.994, 2799.994, 2799.994, 2799.994, 2799.994, 2799.994, 2799.994, 2799.994, 2799.994, 2799.994, 2799.994, 2799.994, 2799.994, 2799.994, 2799.994, 2799.994, 2799.994, 2799.994, 2799.994, 2799.994]
2024-08-19 22:34:06.365414;[2799.994, 2799.994, 2799.994, 2799.994, 2799.994, 2799.994, 3298.732, 3297.773, 2799.994, 2799.994, 2799.994, 2799.994, 2799.994, 2799.994, 2799.994, 2799.994, 2799.994, 2799.994, 2799.994, 2799.994, 2799.994, 2799.994, 2799.994, 2799.994, 3299.903, 3299.918, 2799.994, 2799.994, 2799.994, 2799.994, 2799.994, 2799.994, 2799.994, 2799.994, 2799.994, 2799.994, 2799.994, 2799.994, 2799.994, 2799.994, 2799.994, 2799.994, 2799.994, 2799.994, 2799.994, 2799.994, 2799.994, 2799.994]
2024-08-19 22:34:08.368408;[2799.994, 2799.994, 2799.994, 2799.994, 2799.994, 2799.994, 3300.207, 2799.994, 2799.994, 2799.994, 2799.994, 2799.994, 2799.994, 2799.994, 2799.994, 2799.994, 2799.994, 2799.994, 2799.994, 2799.994, 2799.994, 2799.994, 2799.994, 2799.994, 2799.994, 2799.994, 2799.994, 2799.994, 2799.994, 2799.994, 2799.994, 2799.994, 2799.994, 2799.994, 2799.994, 2799.994, 2799.994, 2799.994, 2799.994, 2799.994, 2799.994, 2799.994, 2799.994, 2799.994, 2799.994, 2799.994, 2799.994, 2799.994]
2024-08-19 22:34:10.371587;[2799.994, 2799.994, 2799.994, 2799.994, 2799.994, 2799.994, 3142.557, 2799.994, 2799.994, 2799.994, 2799.994, 2799.994, 2799.994, 2799.994, 2799.994, 2799.994, 2799.994, 2799.994, 2799.994, 2799.994, 2799.994, 2799.994, 2799.994, 2799.994, 2799.994, 2799.994, 2799.994, 2799.994, 2799.994, 2799.994, 2799.994, 2799.994, 2799.994, 2799.994, 2799.994, 2799.994, 2799.994, 2799.994, 2799.994, 2799.994, 2799.994, 2799.994, 2799.994, 2799.994, 2799.994, 2799.994, 2799.994, 2799.994]
2024-08-19 22:34:12.374768;[2799.994, 2799.994, 2799.994, 2799.994, 2799.994, 2799.994, 2560.742, 2799.994, 2799.994, 2799.994, 2799.994, 2799.994, 2799.994, 2799.994, 2799.994, 2799.994, 2799.994, 2799.994, 2799.994, 2799.994, 2799.994, 2799.994, 2799.994, 2799.994, 2799.994, 2799.994, 2799.994, 2799.994, 2799.994, 2799.994, 2799.994, 2799.994, 2799.994, 2799.994, 2799.994, 2799.994, 2799.994, 2799.994, 2799.994, 2799.994, 2799.994, 2799.994, 2799.994, 2799.994, 2799.994, 2799.994, 2799.994, 2799.994]
2024-08-19 22:34:14.379654;[2799.994, 2799.994, 2799.994, 2799.994, 2799.994, 2799.994, 1792.464, 2799.994, 2799.994, 2799.994, 2799.994, 2799.994, 2799.994, 2799.994, 2799.994, 2799.994, 2799.994, 2799.994, 2799.994, 2799.994, 2799.994, 2799.994, 2799.994, 2799.994, 2799.994, 2799.994, 2799.994, 2799.994, 2799.994, 2799.994, 2799.994, 2799.994, 2799.994, 2799.994, 2799.994, 2799.994, 2799.994, 2799.994, 2799.994, 2799.994, 2799.994, 2799.994, 2799.994, 2799.994, 2799.994, 2799.994, 2799.994, 2799.994]
